0 0.570860 0.850517 0.248869 0.252633
0 0.562511 0.505783 0.189321 0.124567
0 0.653009 0.411933 0.170271 0.101733
0 0.658371 0.332100 0.102398 0.054400
0 0.540486 0.375967 0.128620 0.078933
0 0.557149 0.326850 0.057149 0.047367
0 0.593473 0.301400 0.079796 0.045600
0 0.399977 0.423333 0.092896 0.057867
0 0.391052 0.385617 0.084548 0.056167
0 0.307093 0.377717 0.042873 0.043833
0 0.348778 0.345267 0.090498 0.063133
0 0.473801 0.340000 0.071448 0.045600
0 0.426176 0.278600 0.104796 0.084200
0 0.553586 0.267200 0.076222 0.054400
0 0.638122 0.242633 0.104796 0.043867
0 0.110622 0.761050 0.097624 0.122833
