0 0.407888 0.725967 0.268425 0.161400
0 0.666450 0.849650 0.153950 0.156167
0 0.571063 0.647017 0.131575 0.084233
0 0.723675 0.519817 0.107900 0.068433
0 0.625650 0.479483 0.175000 0.068433
0 0.544075 0.555783 0.101300 0.070167
0 0.430262 0.611933 0.121075 0.063133
0 0.425662 0.511050 0.106575 0.057900
0 0.531575 0.435600 0.094750 0.033333
0 0.084212 0.663683 0.147375 0.085967
0 0.134213 0.583867 0.107875 0.066667
0 0.181587 0.544383 0.110525 0.047367
0 0.250000 0.475083 0.076300 0.035100
0 0.307237 0.440000 0.067125 0.031600
0 0.264475 0.398783 0.105250 0.036833
0 0.388813 0.354900 0.127625 0.089467
0 0.496050 0.326850 0.063150 0.047367
